0.000
0.003
0.006
0.007
0.001
-0.003
0.009
0.033
0.060
0.090
0.000
0.003
0.005
0.005
0.005
0.005
0.009
0.015
0.023
0.036
0.000
-0.001
0.000
0.002
-0.000
-0.001
0.015
0.041
0.073
0.121
-0.168
-0.169
-0.156
-0.161
-0.157
-0.156
-0.170
-0.195
-0.222
-0.251
0.010
-0.001
-0.016
-0.012
-0.013
-0.015
-0.020
-0.027
-0.036
-0.051
-0.248
-0.255
-0.242
-0.255
-0.255
-0.252
-0.266
-0.290
-0.318
-0.361
0.000
0.026
0.036
0.003
-0.056
-0.036
0.119
0.238
0.273
0.301
0.000
0.030
0.015
0.009
-0.008
0.007
0.032
0.065
0.080
0.128
0.000
-0.008
0.011
0.013
-0.021
-0.005
0.159
0.256
0.324
0.482
0.000
0.016
0.169
-0.047
-0.019
-0.023
-0.018
-0.014
0.003
0.011
0.000
-0.084
-0.133
0.042
-0.015
-0.016
-0.012
-0.009
-0.010
-0.015
0.000
-0.083
0.143
-0.118
-0.016
0.018
0.023
0.016
0.043
0.048
